50
0 1 5.720651060624658
1 0 5.720651060624658
0 2 5.571800531077702
2 0 5.571800531077702
0 3 4.059963519706189
3 0 4.059963519706189
0 4 5.385691757687309
4 0 5.385691757687309
0 5 0.14456230418722127
5 0 0.14456230418722127
0 6 8.11982138436478
6 0 8.11982138436478
0 7 3.227678963574646
7 0 3.227678963574646
0 8 3.728554153992316
8 0 3.728554153992316
0 9 1.1702202443061338
9 0 1.1702202443061338
0 10 9.78129328782858
10 0 9.78129328782858
0 11 6.868812834296888
11 0 6.868812834296888
0 12 4.286605736988886
12 0 4.286605736988886
0 13 3.98808373691479
13 0 3.98808373691479
0 14 2.750004286281965
14 0 2.750004286281965
0 15 1.3175374476110735
15 0 1.3175374476110735
0 16 3.2163758621555303
16 0 3.2163758621555303
0 17 7.152587380307774
17 0 7.152587380307774
0 18 4.118036348993047
18 0 4.118036348993047
0 19 6.607817391524597
19 0 6.607817391524597
0 20 9.960611702274528
20 0 9.960611702274528
0 21 7.671292010451596
21 0 7.671292010451596
0 22 0.3349109530531069
22 0 0.3349109530531069
0 23 6.970812517535425
23 0 6.970812517535425
0 24 4.703452590205542
24 0 4.703452590205542
0 25 5.921847665689549
25 0 5.921847665689549
0 26 2.7913162940648917
26 0 2.7913162940648917
0 27 8.344086508541643
27 0 8.344086508541643
0 28 2.2848141270528277
28 0 2.2848141270528277
0 29 4.35703814620921
29 0 4.35703814620921
0 30 8.636609763916493
30 0 8.636609763916493
0 31 3.889018706109445
31 0 3.889018706109445
0 32 7.977114131701944
32 0 7.977114131701944
0 33 9.358562353559789
33 0 9.358562353559789
0 34 2.980301495449449
34 0 2.980301495449449
0 35 7.81945809223064
35 0 7.81945809223064
0 36 2.724748630599029
36 0 2.724748630599029
0 37 1.3130986333443906
37 0 1.3130986333443906
0 38 3.4812420980568595
38 0 3.4812420980568595
0 39 2.4638010093078586
39 0 2.4638010093078586
0 40 5.456482861316442
40 0 5.456482861316442
0 41 4.009593614911181
41 0 4.009593614911181
0 42 5.99425527927491
42 0 5.99425527927491
0 43 3.414313747499007
43 0 3.414313747499007
0 44 7.903192323435693
44 0 7.903192323435693
0 45 0.7946003031617566
45 0 0.7946003031617566
0 46 0.42246760677163264
46 0 0.42246760677163264
0 47 2.8616591698600127
47 0 2.8616591698600127
0 48 2.9881537781425074
48 0 2.9881537781425074
0 49 1.5728866124472174
49 0 1.5728866124472174
1 2 9.214606772846603
2 1 9.214606772846603
1 3 1.769232023643088
3 1 1.769232023643088
1 4 1.3043517341337973
4 1 1.3043517341337973
1 5 1.703424428318322
5 1 1.703424428318322
1 6 7.0500529685894815
6 1 7.0500529685894815
1 7 7.411043364301351
7 1 7.411043364301351
1 8 1.453030424831483
8 1 1.453030424831483
1 9 1.1162585372512335
9 1 1.1162585372512335
1 10 9.170446086040116
10 1 9.170446086040116
1 11 3.978539968729149
11 1 3.978539968729149
1 12 9.089989050831756
12 1 9.089989050831756
1 13 9.563648251686542
13 1 9.563648251686542
1 14 7.5451635662003325
14 1 7.5451635662003325
1 15 0.4558790234168897
15 1 0.4558790234168897
1 16 6.410880936351951
16 1 6.410880936351951
1 17 1.8192606548908608
17 1 1.8192606548908608
1 18 8.599004103682637
18 1 8.599004103682637
1 19 1.7698270734934263
19 1 1.7698270734934263
1 20 8.504047746145961
20 1 8.504047746145961
1 21 4.852091425705466
21 1 4.852091425705466
1 22 3.583922329680428
22 1 3.583922329680428
1 23 6.339584513676292
23 1 6.339584513676292
1 24 5.509176423259531
24 1 5.509176423259531
1 25 7.5271728882926165
25 1 7.5271728882926165
1 26 2.842680928515211
26 1 2.842680928515211
1 27 5.583483786365315
27 1 5.583483786365315
1 28 9.842344651863877
28 1 9.842344651863877
1 29 2.2230257905940585
29 1 2.2230257905940585
1 30 8.190797792574743
30 1 8.190797792574743
1 31 8.68364633858264
31 1 8.68364633858264
1 32 5.882773782605547
32 1 5.882773782605547
1 33 6.906196015403955
33 1 6.906196015403955
1 34 3.4341839223375237
34 1 3.4341839223375237
1 35 8.966326818470696
35 1 8.966326818470696
1 36 5.463884411192664
36 1 5.463884411192664
1 37 5.666113960599537
37 1 5.666113960599537
1 38 1.6433831466287863
38 1 1.6433831466287863
1 39 6.624810297622301
39 1 6.624810297622301
1 40 6.271005960935607
40 1 6.271005960935607
1 41 5.488900785460098
41 1 5.488900785460098
1 42 9.221338863387272
42 1 9.221338863387272
1 43 6.193373494725295
43 1 6.193373494725295
1 44 1.8203656846343252
44 1 1.8203656846343252
1 45 7.136636860288318
45 1 7.136636860288318
1 46 1.0301303533888284
46 1 1.0301303533888284
1 47 6.174954826359916
47 1 6.174954826359916
1 48 1.0787422840471672
48 1 1.0787422840471672
1 49 8.399000745506507
49 1 8.399000745506507
2 3 7.883136285142834
3 2 7.883136285142834
2 4 2.531828487462181
4 2 2.531828487462181
2 5 2.9804364528707095
5 2 2.9804364528707095
2 6 8.69707456246532
6 2 8.69707456246532
2 7 7.56259923581745
7 2 7.56259923581745
2 8 7.367706668999411
8 2 7.367706668999411
2 9 6.107979866300352
9 2 6.107979866300352
2 10 5.04450592032595
10 2 5.04450592032595
2 11 3.1885767381186914
11 2 3.1885767381186914
2 12 9.061345263209086
12 2 9.061345263209086
2 13 6.625262651828718
13 2 6.625262651828718
2 14 0.7091018363279333
14 2 0.7091018363279333
2 15 8.243788215846676
15 2 8.243788215846676
2 16 0.35586264826349967
16 2 0.35586264826349967
2 17 8.186531619877563
17 2 8.186531619877563
2 18 9.568326298089369
18 2 9.568326298089369
2 19 5.849874134115913
19 2 5.849874134115913
2 20 6.464623269379658
20 2 6.464623269379658
2 21 5.991974263337397
21 2 5.991974263337397
2 22 1.1150613418300936
22 2 1.1150613418300936
2 23 0.9941037152891163
23 2 0.9941037152891163
2 24 6.123679844580936
24 2 6.123679844580936
2 25 3.4203691200713093
25 2 3.4203691200713093
2 26 3.345380551245997
26 2 3.345380551245997
2 27 8.321584416270007
27 2 8.321584416270007
2 28 4.702405799197576
28 2 4.702405799197576
2 29 3.7415485516931146
29 2 3.7415485516931146
2 30 3.347976847438222
30 2 3.347976847438222
2 31 4.836536152628122
31 2 4.836536152628122
2 32 9.978095192719158
32 2 9.978095192719158
2 33 1.2961874116177052
33 2 1.2961874116177052
2 34 8.315278274419661
34 2 8.315278274419661
2 35 6.3972178947946015
35 2 6.3972178947946015
2 36 7.9869391890885835
36 2 7.9869391890885835
2 37 6.22769464405029
37 2 6.22769464405029
2 38 2.909169183737066
38 2 2.909169183737066
2 39 9.242600372671223
39 2 9.242600372671223
2 40 8.482940160612854
40 2 8.482940160612854
2 41 4.360750831718966
41 2 4.360750831718966
2 42 2.4396358626924908
42 2 2.4396358626924908
2 43 2.954900629118117
43 2 2.954900629118117
2 44 6.967955679156139
44 2 6.967955679156139
2 45 9.14330205068033
45 2 9.14330205068033
2 46 5.152536043468525
46 2 5.152536043468525
2 47 9.24060777103559
47 2 9.24060777103559
2 48 3.0002092088461216
48 2 3.0002092088461216
2 49 5.703583582011051
49 2 5.703583582011051
3 4 1.073087681026259
4 3 1.073087681026259
3 5 1.7036449099453987
5 3 1.7036449099453987
3 6 2.5452455828647915
6 3 2.5452455828647915
3 7 8.021014417289777
7 3 8.021014417289777
3 8 9.314561991245943
8 3 9.314561991245943
3 9 5.387827428909173
9 3 5.387827428909173
3 10 5.502447770044533
10 3 5.502447770044533
3 11 8.969567924915902
11 3 8.969567924915902
3 12 0.5370568950334875
12 3 0.5370568950334875
3 13 1.281793700400854
13 3 1.281793700400854
3 14 8.221875359599888
14 3 8.221875359599888
3 15 9.564491925004226
15 3 9.564491925004226
3 16 6.329115248672823
16 3 6.329115248672823
3 17 0.208102402469168
17 3 0.208102402469168
3 18 4.820319862245105
18 3 4.820319862245105
3 19 8.128012172012497
19 3 8.128012172012497
3 20 2.6853467942846967
20 3 2.6853467942846967
3 21 2.5591996113257176
21 3 2.5591996113257176
3 22 0.4121211850354245
22 3 0.4121211850354245
3 23 2.2869257908773566
23 3 2.2869257908773566
3 24 0.4660993317419626
24 3 0.4660993317419626
3 25 5.196483474290422
25 3 5.196483474290422
3 26 3.989420255936623
26 3 3.989420255936623
3 27 6.724750371290687
27 3 6.724750371290687
3 28 1.7506173508929534
28 3 1.7506173508929534
3 29 4.4947023013104745
29 3 4.4947023013104745
3 30 8.618174389461265
30 3 8.618174389461265
3 31 7.433364186712307
31 3 7.433364186712307
3 32 7.333018713947186
32 3 7.333018713947186
3 33 4.992440774178418
33 3 4.992440774178418
3 34 1.860390489274445
34 3 1.860390489274445
3 35 8.843836978509147
35 3 8.843836978509147
3 36 7.2608058329053495
36 3 7.2608058329053495
3 37 6.400465994122181
37 3 6.400465994122181
3 38 9.889684708217022
38 3 9.889684708217022
3 39 3.663415934781219
39 3 3.663415934781219
3 40 3.278522792187567
40 3 3.278522792187567
3 41 7.823217141381361
41 3 7.823217141381361
3 42 4.636404619737709
42 3 4.636404619737709
3 43 6.505399090073615
43 3 6.505399090073615
3 44 9.314558822945747
44 3 9.314558822945747
3 45 6.96474018454384
45 3 6.96474018454384
3 46 4.480203302319285
46 3 4.480203302319285
3 47 1.4708918197707588
47 3 1.4708918197707588
3 48 3.7369888935182383
48 3 3.7369888935182383
3 49 3.81888654134242
49 3 3.81888654134242
4 5 5.502084528273727
5 4 5.502084528273727
4 6 0.7262081070464876
6 4 0.7262081070464876
4 7 5.004733195039749
7 4 5.004733195039749
4 8 2.884604703744925
8 4 2.884604703744925
4 9 2.114586948575299
9 4 2.114586948575299
4 10 5.8169468208014266
10 4 5.8169468208014266
4 11 0.553208078287033
11 4 0.553208078287033
4 12 5.300677460138957
12 4 5.300677460138957
4 13 3.007909397598775
13 4 3.007909397598775
4 14 5.969533184186512
14 4 5.969533184186512
4 15 7.2790319844559015
15 4 7.2790319844559015
4 16 2.4602637798221503
16 4 2.4602637798221503
4 17 0.7814270709033666
17 4 0.7814270709033666
4 18 7.953286902644577
18 4 7.953286902644577
4 19 0.8262372344258995
19 4 0.8262372344258995
4 20 5.644127644507816
20 4 5.644127644507816
4 21 1.3741801492755334
21 4 1.3741801492755334
4 22 0.21084064330959884
22 4 0.21084064330959884
4 23 0.02683709933663736
23 4 0.02683709933663736
4 24 2.0024497430889188
24 4 2.0024497430889188
4 25 2.4645659807285094
25 4 2.4645659807285094
4 26 9.911999572165616
26 4 9.911999572165616
4 27 2.311476822593751
27 4 2.311476822593751
4 28 5.818627949935172
28 4 5.818627949935172
4 29 8.378601449579653
29 4 8.378601449579653
4 30 5.345898650131499
30 4 5.345898650131499
4 31 5.681299668052379
31 4 5.681299668052379
4 32 5.40450019218868
32 4 5.40450019218868
4 33 2.727761688493681
33 4 2.727761688493681
4 34 7.638575638913393
34 4 7.638575638913393
4 35 2.9200397785964816
35 4 2.9200397785964816
4 36 0.20492248427382287
36 4 0.20492248427382287
4 37 8.991546762641446
37 4 8.991546762641446
4 38 5.167853941586542
38 4 5.167853941586542
4 39 4.1257519827090325
39 4 4.1257519827090325
4 40 9.730669643139688
40 4 9.730669643139688
4 41 3.566565069765412
41 4 3.566565069765412
4 42 1.24467982126236
42 4 1.24467982126236
4 43 4.354472795425942
43 4 4.354472795425942
4 44 5.792123181895496
44 4 5.792123181895496
4 45 5.423063323928132
45 4 5.423063323928132
4 46 0.6398392322309376
46 4 0.6398392322309376
4 47 4.193503695387474
47 4 4.193503695387474
4 48 2.172240296950234
48 4 2.172240296950234
4 49 1.4414726106192932
49 4 1.4414726106192932
5 6 3.357235476359123
6 5 3.357235476359123
5 7 2.4198924366055543
7 5 2.4198924366055543
5 8 1.355806219358462
8 5 1.355806219358462
5 9 6.745685567290689
9 5 6.745685567290689
5 10 4.689675628033248
10 5 4.689675628033248
5 11 1.5500840668768678
11 5 1.5500840668768678
5 12 6.222991234278295
12 5 6.222991234278295
5 13 4.906413076860368
13 5 4.906413076860368
5 14 9.040385938157328
14 5 9.040385938157328
5 15 9.049599463852767
15 5 9.049599463852767
5 16 5.7187468429760795
16 5 5.7187468429760795
5 17 3.757114847216201
17 5 3.757114847216201
5 18 1.253232326945003
18 5 1.253232326945003
5 19 9.246992998986238
19 5 9.246992998986238
5 20 7.425592833443066
20 5 7.425592833443066
5 21 8.746637217722492
21 5 8.746637217722492
5 22 3.266894091008059
22 5 3.266894091008059
5 23 3.584231521066
23 5 3.584231521066
5 24 6.69586158388853
24 5 6.69586158388853
5 25 7.246830934771731
25 5 7.246830934771731
5 26 5.793006071908953
26 5 5.793006071908953
5 27 9.73602272470192
27 5 9.73602272470192
5 28 1.540484155640408
28 5 1.540484155640408
5 29 4.0400662408985255
29 5 4.0400662408985255
5 30 4.415541396490946
30 5 4.415541396490946
5 31 3.343520463372751
31 5 3.343520463372751
5 32 4.824913760471076
32 5 4.824913760471076
5 33 0.33069618361862396
33 5 0.33069618361862396
5 34 7.018483306250144
34 5 7.018483306250144
5 35 9.633214898932094
35 5 9.633214898932094
5 36 0.4888009132335003
36 5 0.4888009132335003
5 37 6.056167498993186
37 5 6.056167498993186
5 38 4.771092694818959
38 5 4.771092694818959
5 39 6.029714100717455
39 5 6.029714100717455
5 40 8.484551169175303
40 5 8.484551169175303
5 41 8.017615087868476
41 5 8.017615087868476
5 42 2.0348463795202476
42 5 2.0348463795202476
5 43 1.0215117603563628
43 5 1.0215117603563628
5 44 3.920910200348829
44 5 3.920910200348829
5 45 4.406414539860711
45 5 4.406414539860711
5 46 1.5033862848685509
46 5 1.5033862848685509
5 47 9.001723503825168
47 5 9.001723503825168
5 48 9.501233279247007
48 5 9.501233279247007
5 49 9.67231333190932
49 5 9.67231333190932
6 7 9.646586679234522
7 6 9.646586679234522
6 8 5.581168565813163
8 6 5.581168565813163
6 9 6.762121911328798
9 6 6.762121911328798
6 10 2.360397949262394
10 6 2.360397949262394
6 11 4.102110314255887
11 6 4.102110314255887
6 12 2.959063763152543
12 6 2.959063763152543
6 13 0.8466130326210808
13 6 0.8466130326210808
6 14 2.538295105165539
14 6 2.538295105165539
6 15 9.042588942298247
15 6 9.042588942298247
6 16 0.3369848501559003
16 6 0.3369848501559003
6 17 5.58713265374204
17 6 5.58713265374204
6 18 4.741648236125512
18 6 4.741648236125512
6 19 6.743834445748185
19 6 6.743834445748185
6 20 0.07464435677310699
20 6 0.07464435677310699
6 21 0.5269355563260358
21 6 0.5269355563260358
6 22 6.985046730727795
22 6 6.985046730727795
6 23 3.589246268800782
23 6 3.589246268800782
6 24 6.3114214894931635
24 6 6.3114214894931635
6 25 9.174769026764682
25 6 9.174769026764682
6 26 6.317232792996112
26 6 6.317232792996112
6 27 6.567850455356123
27 6 6.567850455356123
6 28 9.11547604923289
28 6 9.11547604923289
6 29 8.26601643000695
29 6 8.26601643000695
6 30 6.6435427731132535
30 6 6.6435427731132535
6 31 1.9581703154914631
31 6 1.9581703154914631
6 32 3.8726626853658486
32 6 3.8726626853658486
6 33 1.0945904674761953
33 6 1.0945904674761953
6 34 5.095189001531067
34 6 5.095189001531067
6 35 1.3373921440066594
35 6 1.3373921440066594
6 36 2.5903556182240095
36 6 2.5903556182240095
6 37 4.083360251277536
37 6 4.083360251277536
6 38 9.09412230156338
38 6 9.09412230156338
6 39 1.315059544376782
39 6 1.315059544376782
6 40 1.0666876871081687
40 6 1.0666876871081687
6 41 4.676915630156644
41 6 4.676915630156644
6 42 7.443858570359895
42 6 7.443858570359895
6 43 2.4627915709034442
43 6 2.4627915709034442
6 44 3.4635888491071065
44 6 3.4635888491071065
6 45 0.3689843021784833
45 6 0.3689843021784833
6 46 5.270795720970502
46 6 5.270795720970502
6 47 9.796286203956967
47 6 9.796286203956967
6 48 3.722412934567292
48 6 3.722412934567292
6 49 3.217833618716056
49 6 3.217833618716056
7 8 4.447181971412104
8 7 4.447181971412104
7 9 1.8631381906781264
9 7 1.8631381906781264
7 10 1.4738180860192995
10 7 1.4738180860192995
7 11 1.556508133958594
11 7 1.556508133958594
7 12 8.246043960881787
12 7 8.246043960881787
7 13 7.999765142058793
13 7 7.999765142058793
7 14 8.618968916887962
14 7 8.618968916887962
7 15 0.770762770744039
15 7 0.770762770744039
7 16 1.4100181365463826
16 7 1.4100181365463826
7 17 3.642999020026786
17 7 3.642999020026786
7 18 1.5970130659649662
18 7 1.5970130659649662
7 19 7.996073798950061
19 7 7.996073798950061
7 20 4.560173489409831
20 7 4.560173489409831
7 21 1.716669374613714
21 7 1.716669374613714
7 22 3.504172653054256
22 7 3.504172653054256
7 23 1.3761210700251658
23 7 1.3761210700251658
7 24 4.927551186303787
24 7 4.927551186303787
7 25 4.060767831545107
25 7 4.060767831545107
7 26 9.692691548143445
26 7 9.692691548143445
7 27 3.1286547900395623
27 7 3.1286547900395623
7 28 3.759290209097217
28 7 3.759290209097217
7 29 0.6305505174491333
29 7 0.6305505174491333
7 30 0.2532586742845211
30 7 0.2532586742845211
7 31 7.080667682258612
31 7 7.080667682258612
7 32 4.432846297883236
32 7 4.432846297883236
7 33 5.765199637811396
33 7 5.765199637811396
7 34 2.872427198312295
34 7 2.872427198312295
7 35 5.5633222163026455
35 7 5.5633222163026455
7 36 4.3059530938610555
36 7 4.3059530938610555
7 37 0.21043042105220788
37 7 0.21043042105220788
7 38 9.956932915744508
38 7 9.956932915744508
7 39 7.598081553472712
39 7 7.598081553472712
7 40 7.63661715471371
40 7 7.63661715471371
7 41 4.776698686948457
41 7 4.776698686948457
7 42 4.629712507038861
42 7 4.629712507038861
7 43 0.1590260517856601
43 7 0.1590260517856601
7 44 6.526572039675155
44 7 6.526572039675155
7 45 6.524424425054009
45 7 6.524424425054009
7 46 1.227807852820596
46 7 1.227807852820596
7 47 6.962336342355493
47 7 6.962336342355493
7 48 1.7732690963782138
48 7 1.7732690963782138
7 49 1.1899186914050408
49 7 1.1899186914050408
8 9 7.270234723179464
9 8 7.270234723179464
8 10 4.71245454707886
10 8 4.71245454707886
8 11 5.759609819540369
11 8 5.759609819540369
8 12 6.200459964690204
12 8 6.200459964690204
8 13 5.514286493167807
13 8 5.514286493167807
8 14 5.025436806428014
14 8 5.025436806428014
8 15 5.0672772075142625
15 8 5.0672772075142625
8 16 7.074239264356919
16 8 7.074239264356919
8 17 6.681631016817021
17 8 6.681631016817021
8 18 1.3535379108094137
18 8 1.3535379108094137
8 19 1.368654031011055
19 8 1.368654031011055
8 20 6.2606513185151265
20 8 6.2606513185151265
8 21 5.710953187245415
21 8 5.710953187245415
8 22 4.151077477903451
22 8 4.151077477903451
8 23 5.333965476102697
23 8 5.333965476102697
8 24 7.548680638229594
24 8 7.548680638229594
8 25 6.981782417618334
25 8 6.981782417618334
8 26 4.250153315727651
26 8 4.250153315727651
8 27 9.784417958252767
27 8 9.784417958252767
8 28 1.0558947511660421
28 8 1.0558947511660421
8 29 6.854537303932961
29 8 6.854537303932961
8 30 3.955787035525251
30 8 3.955787035525251
8 31 5.128747526368288
31 8 5.128747526368288
8 32 3.5078198201788147
32 8 3.5078198201788147
8 33 5.084711178219946
33 8 5.084711178219946
8 34 7.723597858055923
34 8 7.723597858055923
8 35 2.239736907451324
35 8 2.239736907451324
8 36 6.027246554087994
36 8 6.027246554087994
8 37 0.19450929856142718
37 8 0.19450929856142718
8 38 9.449119729767943
38 8 9.449119729767943
8 39 5.358891256907854
39 8 5.358891256907854
8 40 6.9752701845251055
40 8 6.9752701845251055
8 41 7.723142673225707
41 8 7.723142673225707
8 42 1.3763907716043455
42 8 1.3763907716043455
8 43 0.36161662786839077
43 8 0.36161662786839077
8 44 0.5206444382199593
44 8 0.5206444382199593
8 45 4.427373655330394
45 8 4.427373655330394
8 46 0.4244589813274302
46 8 0.4244589813274302
8 47 1.7718699009260774
47 8 1.7718699009260774
8 48 2.56128579433333
48 8 2.56128579433333
8 49 5.966794769791427
49 8 5.966794769791427
9 10 1.3339671294802746
10 9 1.3339671294802746
9 11 5.284404177159861
11 9 5.284404177159861
9 12 4.381536942221063
12 9 4.381536942221063
9 13 0.3837211371724114
13 9 0.3837211371724114
9 14 2.4519910085114995
14 9 2.4519910085114995
9 15 1.2343648939328167
15 9 1.2343648939328167
9 16 1.0010572950108776
16 9 1.0010572950108776
9 17 4.775457494013294
17 9 4.775457494013294
9 18 9.20182455841316
18 9 9.20182455841316
9 19 8.448135980606992
19 9 8.448135980606992
9 20 5.555982874859481
20 9 5.555982874859481
9 21 7.957101323262537
21 9 7.957101323262537
9 22 2.325416956218641
22 9 2.325416956218641
9 23 7.215977328835032
23 9 7.215977328835032
9 24 3.250254041098785
24 9 3.250254041098785
9 25 7.6259255565663855
25 9 7.6259255565663855
9 26 2.8396884022713085
26 9 2.8396884022713085
9 27 4.74613053715014
27 9 4.74613053715014
9 28 8.424781655346726
28 9 8.424781655346726
9 29 6.563780623949044
29 9 6.563780623949044
9 30 3.31396026452882
30 9 3.31396026452882
9 31 6.391717034561605
31 9 6.391717034561605
9 32 6.114384738053192
32 9 6.114384738053192
9 33 8.751845295211286
33 9 8.751845295211286
9 34 5.554254550112221
34 9 5.554254550112221
9 35 1.1858871528918236
35 9 1.1858871528918236
9 36 5.097200519047618
36 9 5.097200519047618
9 37 2.9224435495536296
37 9 2.9224435495536296
9 38 8.0712355889259
38 9 8.0712355889259
9 39 0.777325536613549
39 9 0.777325536613549
9 40 2.8885305896392
40 9 2.8885305896392
9 41 8.035538970144142
41 9 8.035538970144142
9 42 2.8120745457791485
42 9 2.8120745457791485
9 43 6.727351672953801
43 9 6.727351672953801
9 44 4.390856397610597
44 9 4.390856397610597
9 45 2.4429059245900175
45 9 2.4429059245900175
9 46 9.552541598110833
46 9 9.552541598110833
9 47 2.311501563148836
47 9 2.311501563148836
9 48 4.984017793810698
48 9 4.984017793810698
9 49 6.090870130476523
49 9 6.090870130476523
10 11 8.074143759007487
11 10 8.074143759007487
10 12 1.4626140941277788
12 10 1.4626140941277788
10 13 5.724319707547418
13 10 5.724319707547418
10 14 3.0128981963782877
14 10 3.0128981963782877
10 15 2.7921359893040956
15 10 2.7921359893040956
10 16 9.299085578511766
16 10 9.299085578511766
10 17 3.0185923929007474
17 10 3.0185923929007474
10 18 9.576210678140487
18 10 9.576210678140487
10 19 1.853758501652325
19 10 1.853758501652325
10 20 5.801098358652206
20 10 5.801098358652206
10 21 7.648999569940363
21 10 7.648999569940363
10 22 2.4719814946335505
22 10 2.4719814946335505
10 23 2.8920619760363686
23 10 2.8920619760363686
10 24 6.629270294182582
24 10 6.629270294182582
10 25 8.346655901840014
25 10 8.346655901840014
10 26 9.27657357102261
26 10 9.27657357102261
10 27 0.5991996652511211
27 10 0.5991996652511211
10 28 2.8243085410024884
28 10 2.8243085410024884
10 29 3.2468730014402833
29 10 3.2468730014402833
10 30 3.5616618180694912
30 10 3.5616618180694912
10 31 7.074082874692481
31 10 7.074082874692481
10 32 4.182898332923001
32 10 4.182898332923001
10 33 8.506130159151668
33 10 8.506130159151668
10 34 5.993971568104937
34 10 5.993971568104937
10 35 4.502809136061869
35 10 4.502809136061869
10 36 9.474192249567734
36 10 9.474192249567734
10 37 7.120622442110981
37 10 7.120622442110981
10 38 2.640761800845728
38 10 2.640761800845728
10 39 1.146289946988256
39 10 1.146289946988256
10 40 0.3429081101347198
40 10 0.3429081101347198
10 41 2.5585078127834917
41 10 2.5585078127834917
10 42 1.7850685661198407
42 10 1.7850685661198407
10 43 5.838020363586817
43 10 5.838020363586817
10 44 4.739186274665234
44 10 4.739186274665234
10 45 1.2027427446729044
45 10 1.2027427446729044
10 46 0.9551141683008202
46 10 0.9551141683008202
10 47 3.235946308627157
47 10 3.235946308627157
10 48 0.021992908002665956
48 10 0.021992908002665956
10 49 4.798655320903679
49 10 4.798655320903679
11 12 6.585181173781959
12 11 6.585181173781959
11 13 1.9259055389259794
13 11 1.9259055389259794
11 14 5.502003442120626
14 11 5.502003442120626
11 15 9.110179532010115
15 11 9.110179532010115
11 16 9.75063834645663
16 11 9.75063834645663
11 17 0.14012781448546008
17 11 0.14012781448546008
11 18 9.12153308885294
18 11 9.12153308885294
11 19 7.810928828528798
19 11 7.810928828528798
11 20 2.7576965515635
20 11 2.7576965515635
11 21 9.332801429522801
21 11 9.332801429522801
11 22 3.213227268486879
22 11 3.213227268486879
11 23 1.2710639963011805
23 11 1.2710639963011805
11 24 3.018865154299728
24 11 3.018865154299728
11 25 4.145724550136704
25 11 4.145724550136704
11 26 9.83586649780306
26 11 9.83586649780306
11 27 8.348166894383947
27 11 8.348166894383947
11 28 2.607967515837383
28 11 2.607967515837383
11 29 8.400577295221659
29 11 8.400577295221659
11 30 7.054772557566192
30 11 7.054772557566192
11 31 5.550103289923136
31 11 5.550103289923136
11 32 4.163967541552676
32 11 4.163967541552676
11 33 0.6703657027092957
33 11 0.6703657027092957
11 34 3.715957075640243
34 11 3.715957075640243
11 35 2.0101202053461686
35 11 2.0101202053461686
11 36 6.400746986546788
36 11 6.400746986546788
11 37 9.711106261647304
37 11 9.711106261647304
11 38 1.757278161778888
38 11 1.757278161778888
11 39 0.5991909109369409
39 11 0.5991909109369409
11 40 5.380365355678927
40 11 5.380365355678927
11 41 9.575829131208032
41 11 9.575829131208032
11 42 1.9065268065111252
42 11 1.9065268065111252
11 43 5.197883966504692
43 11 5.197883966504692
11 44 0.9202262789984517
44 11 0.9202262789984517
11 45 6.586504544401435
45 11 6.586504544401435
11 46 0.7354928047582399
46 11 0.7354928047582399
11 47 1.6598006291460865
47 11 1.6598006291460865
11 48 1.0299617283051343
48 11 1.0299617283051343
11 49 5.505499079845677
49 11 5.505499079845677
12 13 4.470710201794821
13 12 4.470710201794821
12 14 5.3208916885787545
14 12 5.3208916885787545
12 15 1.111737903327985
15 12 1.111737903327985
12 16 0.22669818645294937
16 12 0.22669818645294937
12 17 7.7057156438611365
17 12 7.7057156438611365
12 18 1.0437233636478083
18 12 1.0437233636478083
12 19 8.8080776491943
19 12 8.8080776491943
12 20 5.097433876055994
20 12 5.097433876055994
12 21 3.21629786035302
21 12 3.21629786035302
12 22 2.7330379233717195
22 12 2.7330379233717195
12 23 9.844184615519714
23 12 9.844184615519714
12 24 6.585882521780925
24 12 6.585882521780925
12 25 2.4493562687696335
25 12 2.4493562687696335
12 26 8.018712271502093
26 12 8.018712271502093
12 27 4.98714313751742
27 12 4.98714313751742
12 28 1.424607280251785
28 12 1.424607280251785
12 29 4.937627039930312
29 12 4.937627039930312
12 30 0.3744860612990186
30 12 0.3744860612990186
12 31 3.332261269487995
31 12 3.332261269487995
12 32 6.589435890292035
32 12 6.589435890292035
12 33 8.886674250251371
33 12 8.886674250251371
12 34 5.325597619106296
34 12 5.325597619106296
12 35 2.52721254713254
35 12 2.52721254713254
12 36 8.513884658447097
36 12 8.513884658447097
12 37 4.487186897485551
37 12 4.487186897485551
12 38 9.595729561232533
38 12 9.595729561232533
12 39 2.257526073201901
39 12 2.257526073201901
12 40 3.7928482722172854
40 12 3.7928482722172854
12 41 6.12476256272486
41 12 6.12476256272486
12 42 2.053433641162524
42 12 2.053433641162524
12 43 3.3423602549505027
43 12 3.3423602549505027
12 44 1.295296378208427
44 12 1.295296378208427
12 45 9.59099551366355
45 12 9.59099551366355
12 46 3.1404662284717952
46 12 3.1404662284717952
12 47 1.1273896610053713
47 12 1.1273896610053713
12 48 6.084230911863947
48 12 6.084230911863947
12 49 5.643835814261515
49 12 5.643835814261515
13 14 5.0992396293778475
14 13 5.0992396293778475
13 15 8.512025684706598
15 13 8.512025684706598
13 16 8.833173100826983
16 13 8.833173100826983
13 17 1.8218153906124857
17 13 1.8218153906124857
13 18 8.763846982044672
18 13 8.763846982044672
13 19 0.9110791066553636
19 13 0.9110791066553636
13 20 0.5319675244217503
20 13 0.5319675244217503
13 21 0.285888725257496
21 13 0.285888725257496
13 22 3.938899318429651
22 13 3.938899318429651
13 23 2.726365330827746
23 13 2.726365330827746
13 24 1.19070276247361
24 13 1.19070276247361
13 25 0.6442684871639737
25 13 0.6442684871639737
13 26 9.462665209153059
26 13 9.462665209153059
13 27 2.49164476768947
27 13 2.49164476768947
13 28 2.979067418752167
28 13 2.979067418752167
13 29 3.209781840599523
29 13 3.209781840599523
13 30 5.935779395725872
30 13 5.935779395725872
13 31 1.7546772329415072
31 13 1.7546772329415072
13 32 2.779472501618131
32 13 2.779472501618131
13 33 9.945911296599323
33 13 9.945911296599323
13 34 8.794045838286209
34 13 8.794045838286209
13 35 0.9730670111397122
35 13 0.9730670111397122
13 36 6.485788356923026
36 13 6.485788356923026
13 37 7.476823865365468
37 13 7.476823865365468
13 38 1.913629935893728
38 13 1.913629935893728
13 39 4.225957130338496
39 13 4.225957130338496
13 40 7.545560466375339
40 13 7.545560466375339
13 41 8.968337215000844
41 13 8.968337215000844
13 42 2.259198068148912
42 13 2.259198068148912
13 43 3.3815298916401195
43 13 3.3815298916401195
13 44 5.222085087574721
44 13 5.222085087574721
13 45 9.430907087343218
45 13 9.430907087343218
13 46 4.220330045218287
46 13 4.220330045218287
13 47 1.5106545036493069
47 13 1.5106545036493069
13 48 3.8437351711239085
48 13 3.8437351711239085
13 49 2.0523635016619988
49 13 2.0523635016619988
14 15 8.228794236688383
15 14 8.228794236688383
14 16 4.799921141624798
16 14 4.799921141624798
14 17 2.9114530875138245
17 14 2.9114530875138245
14 18 1.537263413763481
18 14 1.537263413763481
14 19 2.00904099542384
19 14 2.00904099542384
14 20 1.992683039181753
20 14 1.992683039181753
14 21 9.35133053981015
21 14 9.35133053981015
14 22 4.111368663945036
22 14 4.111368663945036
14 23 4.386536904721901
23 14 4.386536904721901
14 24 0.4746235330073334
24 14 0.4746235330073334
14 25 7.427723374114525
25 14 7.427723374114525
14 26 2.8438980070706554
26 14 2.8438980070706554
14 27 0.9633273753046057
27 14 0.9633273753046057
14 28 8.520756777917573
28 14 8.520756777917573
14 29 8.873353634730593
29 14 8.873353634730593
14 30 1.2468412188443367
30 14 1.2468412188443367
14 31 8.167477458013002
31 14 8.167477458013002
14 32 3.9336568955324025
32 14 3.9336568955324025
14 33 5.64637561324374
33 14 5.64637561324374
14 34 7.729768866691311
34 14 7.729768866691311
14 35 7.192813829509948
35 14 7.192813829509948
14 36 0.3281061120853712
36 14 0.3281061120853712
14 37 0.3903928356763464
37 14 0.3903928356763464
14 38 8.420203651987352
38 14 8.420203651987352
14 39 2.167647631745926
39 14 2.167647631745926
14 40 3.6552368197659457
40 14 3.6552368197659457
14 41 5.151929930144474
41 14 5.151929930144474
14 42 6.103770608223119
42 14 6.103770608223119
14 43 7.5259326230784165
43 14 7.5259326230784165
14 44 3.209642730640586
44 14 3.209642730640586
14 45 7.200883542738956
45 14 7.200883542738956
14 46 8.594972451825596
46 14 8.594972451825596
14 47 8.001567335751979
47 14 8.001567335751979
14 48 3.3258105965134743
48 14 3.3258105965134743
14 49 1.9029799541275105
49 14 1.9029799541275105
15 16 0.7185871362192497
16 15 0.7185871362192497
15 17 0.9263310166361083
17 15 0.9263310166361083
15 18 4.245632817469847
18 15 4.245632817469847
15 19 6.509299987224605
19 15 6.509299987224605
15 20 0.2633184122765575
20 15 0.2633184122765575
15 21 4.584190407954926
21 15 4.584190407954926
15 22 3.226632471825124
22 15 3.226632471825124
15 23 5.456430410232423
23 15 5.456430410232423
15 24 9.76347421870592
24 15 9.76347421870592
15 25 8.259497937684591
25 15 8.259497937684591
15 26 9.860940376587342
26 15 9.860940376587342
15 27 7.311829404412541
27 15 7.311829404412541
15 28 2.7710877090399877
28 15 2.7710877090399877
15 29 9.31385249395291
29 15 9.31385249395291
15 30 2.7879415260918714
30 15 2.7879415260918714
15 31 5.852501118155759
31 15 5.852501118155759
15 32 5.400035393009413
32 15 5.400035393009413
15 33 0.13617185484232075
33 15 0.13617185484232075
15 34 8.50890557607602
34 15 8.50890557607602
15 35 2.9310955879826084
35 15 2.9310955879826084
15 36 1.3553487624132943
36 15 1.3553487624132943
15 37 3.1327809665705084
37 15 3.1327809665705084
15 38 6.849805821013447
38 15 6.849805821013447
15 39 8.762060339078339
39 15 8.762060339078339
15 40 1.40505481873345
40 15 1.40505481873345
15 41 5.059094630377033
41 15 5.059094630377033
15 42 1.768919016465742
42 15 1.768919016465742
15 43 6.05149277371356
43 15 6.05149277371356
15 44 6.308524721277231
44 15 6.308524721277231
15 45 2.9417322008855065
45 15 2.9417322008855065
15 46 0.668692770181083
46 15 0.668692770181083
15 47 7.997849405195316
47 15 7.997849405195316
15 48 5.584445813597451
48 15 5.584445813597451
15 49 2.599671842282709
49 15 2.599671842282709
16 17 0.1467548036444699
17 16 0.1467548036444699
16 18 6.60669202939964
18 16 6.60669202939964
16 19 3.183176506570824
19 16 3.183176506570824
16 20 7.345315895046555
20 16 7.345315895046555
16 21 1.208830196619507
21 16 1.208830196619507
16 22 6.991161051040358
22 16 6.991161051040358
16 23 5.122382785795917
23 16 5.122382785795917
16 24 8.831102935628278
24 16 8.831102935628278
16 25 2.3667247476049145
25 16 2.3667247476049145
16 26 5.370882961232258
26 16 5.370882961232258
16 27 3.4514964724441324
27 16 3.4514964724441324
16 28 4.204571975903747
28 16 4.204571975903747
16 29 4.7574192996300155
29 16 4.7574192996300155
16 30 3.3355359891107197
30 16 3.3355359891107197
16 31 5.52967388297914
31 16 5.52967388297914
16 32 3.7445441531232904
32 16 3.7445441531232904
16 33 9.444716045582064
33 16 9.444716045582064
16 34 8.605313435134905
34 16 8.605313435134905
16 35 7.533577846925196
35 16 7.533577846925196
16 36 0.9733595562508379
36 16 0.9733595562508379
16 37 3.402763174715168
37 16 3.402763174715168
16 38 2.999036498100133
38 16 2.999036498100133
16 39 6.35544184799806
39 16 6.35544184799806
16 40 2.874865145936073
40 16 2.874865145936073
16 41 7.33117693155244
41 16 7.33117693155244
16 42 1.6116898997806783
42 16 1.6116898997806783
16 43 4.60852068084204
43 16 4.60852068084204
16 44 1.2951226631372748
44 16 1.2951226631372748
16 45 5.41437352453726
45 16 5.41437352453726
16 46 3.30666283284498
46 16 3.30666283284498
16 47 9.32617002898445
47 16 9.32617002898445
16 48 7.862564077354795
48 16 7.862564077354795
16 49 4.413108254807904
49 16 4.413108254807904
17 18 1.5439997431819008
18 17 1.5439997431819008
17 19 6.122435965063195
19 17 6.122435965063195
17 20 3.8365942157055546
20 17 3.8365942157055546
17 21 7.0641157029182295
21 17 7.0641157029182295
17 22 6.294473682982243
22 17 6.294473682982243
17 23 7.0761818534731
23 17 7.0761818534731
17 24 3.178400853728245
24 17 3.178400853728245
17 25 2.664129418382588
25 17 2.664129418382588
17 26 2.3303199832147214
26 17 2.3303199832147214
17 27 2.407413636686603
27 17 2.407413636686603
17 28 1.8350009603552708
28 17 1.8350009603552708
17 29 5.927457635559584
29 17 5.927457635559584
17 30 6.53697268962863
30 17 6.53697268962863
17 31 3.1336116827126714
31 17 3.1336116827126714
17 32 8.737314859898632
32 17 8.737314859898632
17 33 3.731674926412256
33 17 3.731674926412256
17 34 7.0561732024275265
34 17 7.0561732024275265
17 35 4.325513526537157
35 17 4.325513526537157
17 36 4.335331661253264
36 17 4.335331661253264
17 37 8.203883728065485
37 17 8.203883728065485
17 38 0.049325003794160605
38 17 0.049325003794160605
17 39 6.325932450145459
39 17 6.325932450145459
17 40 0.6281849709181264
40 17 0.6281849709181264
17 41 3.7503910887917336
41 17 3.7503910887917336
17 42 5.6609940589206165
42 17 5.6609940589206165
17 43 4.351844000027284
43 17 4.351844000027284
17 44 2.594232520589922
44 17 2.594232520589922
17 45 5.095535505151472
45 17 5.095535505151472
17 46 3.365963884182862
46 17 3.365963884182862
17 47 5.269100607905941
47 17 5.269100607905941
17 48 4.685997695720779
48 17 4.685997695720779
17 49 3.170787418576184
49 17 3.170787418576184
18 19 8.299268699256233
19 18 8.299268699256233
18 20 4.010789951444008
20 18 4.010789951444008
18 21 7.6270886248281835
21 18 7.6270886248281835
18 22 5.783142997348402
22 18 5.783142997348402
18 23 4.397153180739019
23 18 4.397153180739019
18 24 1.1043814756383596
24 18 1.1043814756383596
18 25 0.13298711050019008
25 18 0.13298711050019008
18 26 0.3922126430209083
26 18 0.3922126430209083
18 27 7.217908840564515
27 18 7.217908840564515
18 28 7.0794516999672465
28 18 7.0794516999672465
18 29 7.374858893118149
29 18 7.374858893118149
18 30 7.03830824655504
30 18 7.03830824655504
18 31 9.165065627085797
31 18 9.165065627085797
18 32 9.146919464290942
32 18 9.146919464290942
18 33 3.0153028262156187
33 18 3.0153028262156187
18 34 0.48921172635058463
34 18 0.48921172635058463
18 35 2.5014248594611965
35 18 2.5014248594611965
18 36 0.47236039629050985
36 18 0.47236039629050985
18 37 4.467223100606441
37 18 4.467223100606441
18 38 2.011205021254696
38 18 2.011205021254696
18 39 1.0209392864418265
39 18 1.0209392864418265
18 40 2.6101124693908817
40 18 2.6101124693908817
18 41 1.661776278993643
41 18 1.661776278993643
18 42 2.8203322605306944
42 18 2.8203322605306944
18 43 9.53645868636716
43 18 9.53645868636716
18 44 7.221527539341038
44 18 7.221527539341038
18 45 8.058605100051967
45 18 8.058605100051967
18 46 3.2327532070229124
46 18 3.2327532070229124
18 47 1.4448778111096128
47 18 1.4448778111096128
18 48 4.06985438491708
48 18 4.06985438491708
18 49 8.891343152469965
49 18 8.891343152469965
19 20 3.808436547626266
20 19 3.808436547626266
19 21 8.547238682177303
21 19 8.547238682177303
19 22 8.465896670662111
22 19 8.465896670662111
19 23 5.7136347632849125
23 19 5.7136347632849125
19 24 7.370337104042198
24 19 7.370337104042198
19 25 4.029851868232361
25 19 4.029851868232361
19 26 2.8327089810824466
26 19 2.8327089810824466
19 27 8.195684546740456
27 19 8.195684546740456
19 28 3.6815869104567964
28 19 3.6815869104567964
19 29 9.05352184072295
29 19 9.05352184072295
19 30 3.864255218483643
30 19 3.864255218483643
19 31 3.818610903275502
31 19 3.818610903275502
19 32 1.7761230425127805
32 19 1.7761230425127805
19 33 5.751471191709196
33 19 5.751471191709196
19 34 8.872076787462804
34 19 8.872076787462804
19 35 3.623651781017636
35 19 3.623651781017636
19 36 8.463564652951819
36 19 8.463564652951819
19 37 4.6025822902256595
37 19 4.6025822902256595
19 38 2.345671504305724
38 19 2.345671504305724
19 39 7.495527027797073
39 19 7.495527027797073
19 40 5.367043685030213
40 19 5.367043685030213
19 41 2.125080664157626
41 19 2.125080664157626
19 42 6.496417256208698
42 19 6.496417256208698
19 43 5.5940352839932705
43 19 5.5940352839932705
19 44 1.0030837249108604
44 19 1.0030837249108604
19 45 5.626809574541486
45 19 5.626809574541486
19 46 7.611518087770868
46 19 7.611518087770868
19 47 3.495224197106767
47 19 3.495224197106767
19 48 8.875509418707818
48 19 8.875509418707818
19 49 5.351752347504865
49 19 5.351752347504865
20 21 3.4135898584339195
21 20 3.4135898584339195
20 22 7.363240447346529
22 20 7.363240447346529
20 23 7.330765994577364
23 20 7.330765994577364
20 24 0.7784824674218749
24 20 0.7784824674218749
20 25 5.303145196050959
25 20 5.303145196050959
20 26 2.0462314210180943
26 20 2.0462314210180943
20 27 2.0099102573070713
27 20 2.0099102573070713
20 28 7.054730069846481
28 20 7.054730069846481
20 29 3.3553746748835342
29 20 3.3553746748835342
20 30 9.374434100148058
30 20 9.374434100148058
20 31 7.13293478788779
31 20 7.13293478788779
20 32 9.593275318585167
32 20 9.593275318585167
20 33 1.2492656370420507
33 20 1.2492656370420507
20 34 6.135857197236398
34 20 6.135857197236398
20 35 7.5639690286829655
35 20 7.5639690286829655
20 36 9.707889173928251
36 20 9.707889173928251
20 37 2.926237102550658
37 20 2.926237102550658
20 38 1.2147217228845908
38 20 1.2147217228845908
20 39 9.63129486440415
39 20 9.63129486440415
20 40 1.8340632063655116
40 20 1.8340632063655116
20 41 2.70711397401754
41 20 2.70711397401754
20 42 9.20009523403468
42 20 9.20009523403468
20 43 5.014010683417736
43 20 5.014010683417736
20 44 3.3577782421851277
44 20 3.3577782421851277
20 45 5.8403983559318835
45 20 5.8403983559318835
20 46 3.4069209214995744
46 20 3.4069209214995744
20 47 8.657555861320223
47 20 8.657555861320223
20 48 1.3665883346569874
48 20 1.3665883346569874
20 49 7.011443670712842
49 20 7.011443670712842
21 22 4.69890475539117
22 21 4.69890475539117
21 23 8.643210064571935
23 21 8.643210064571935
21 24 6.740799666746112
24 21 6.740799666746112
21 25 0.2112725847945085
25 21 0.2112725847945085
21 26 3.762491801715088
26 21 3.762491801715088
21 27 3.2120675990671357
27 21 3.2120675990671357
21 28 4.9185483609843095
28 21 4.9185483609843095
21 29 4.545421631730849
29 21 4.545421631730849
21 30 3.553430890357707
30 21 3.553430890357707
21 31 7.731876492421138
31 21 7.731876492421138
21 32 4.397096102856366
32 21 4.397096102856366
21 33 7.057337428046058
33 21 7.057337428046058
21 34 5.522186113246067
34 21 5.522186113246067
21 35 2.2955242054027494
35 21 2.2955242054027494
21 36 8.57367006199339
36 21 8.57367006199339
21 37 5.447487647037378
37 21 5.447487647037378
21 38 7.921725172251254
38 21 7.921725172251254
21 39 8.852844433147155
39 21 8.852844433147155
21 40 3.882703175898251
40 21 3.882703175898251
21 41 0.6884945787483165
41 21 0.6884945787483165
21 42 7.010979007921724
42 21 7.010979007921724
21 43 5.302803886888587
43 21 5.302803886888587
21 44 7.352330736826658
44 21 7.352330736826658
21 45 1.9682340676165622
45 21 1.9682340676165622
21 46 2.289528743711211
46 21 2.289528743711211
21 47 2.811027487765021
47 21 2.811027487765021
